import time
import thumby
import math

# BITMAP: width: 8, height: 8
Cube = bytearray([0,0,20,32,32,20,0,0])

# BITMAP: width: 72, height: 40
Spikes = bytearray([255,255,255,255,255,255,255,255,255,255,255,255,255,255,255,255,255,255,255,255,255,255,255,255,255,255,255,255,255,255,255,255,255,255,255,255,255,255,255,255,255,255,255,255,255,255,255,255,255,255,255,255,255,255,255,255,255,255,255,255,255,255,255,255,255,255,255,255,255,255,255,255,
            255,255,255,255,255,255,255,255,255,255,255,255,255,255,255,255,255,255,255,255,255,255,255,255,255,255,255,255,255,255,255,255,255,255,255,255,255,255,255,255,255,255,255,255,255,255,255,255,255,255,255,255,255,255,255,255,255,255,255,255,255,255,255,255,255,255,255,255,255,255,255,255,
            255,255,255,255,255,255,255,255,255,255,255,255,255,255,255,255,255,255,255,255,255,255,255,255,255,255,255,255,255,255,255,255,255,255,255,255,255,255,255,255,255,255,255,255,255,255,255,255,255,255,255,255,255,255,255,255,255,255,255,255,255,255,255,255,255,255,255,255,255,255,255,255,
            255,255,255,255,255,255,255,255,255,255,255,255,255,255,255,255,255,255,255,255,255,255,255,255,255,255,255,255,255,255,255,255,255,255,127,31,15,31,127,255,255,255,255,255,255,255,255,255,255,255,255,255,255,255,255,255,127,31,15,31,127,255,255,255,255,255,255,255,255,255,255,255,
            7,7,7,7,7,7,7,7,7,7,7,7,7,7,7,7,7,7,7,7,7,7,7,7,7,7,7,7,7,7,7,7,7,1,0,0,0,0,0,1,7,7,7,7,7,7,7,7,7,7,7,7,7,7,7,1,0,0,0,0,0,1,7,7,7,7,7,7,7,7,7,7])

Cube = thumby.Sprite(8, 8, Cube, 6, 27)
Spikes = thumby.Sprite(72, 40, Spikes)

thumby.display.setFPS(60)

thumby.display.drawSprite(Spikes)
thumby.display.drawSprite(Cube)
thumby.display.update()