60,126,254,252,254,126,60,0
218,26,218,194,218,26,218,0
226,2,242,242,2,250,250,0
144,168,192,128,192,168,144,0
232,12,236,212,236,12,232,0
124,230,190,190,190,230,124,0
126,236,248,184,248,236,126,0
2,116,232,248,232,116,2,0
112,248,204,204,252,248,112,0
126,244,172,188,172,244,126,0
28,230,118,222,118,230,28,0
126,236,184,216,184,236,126,0
240,12,34,2,2,12,240,0
0,0,128,224,248,220,220,36,220,220,248,224,128,0,0,192,200,200,200,200,136,8,156,200,192,196,220,132,0,148,220,212,192,220,132,28,192,196,24,4,192,200,28,8,136,200,200,200,192,0,0,128,224,248,220,220,36,220,220,248,224,128,0,0,0,192,255,213,215,253,213,247,221,215,245,213,255,192,0,255,255,12,12,255,247,0,127,255,192,192,255,127,0,127,255,192,216,251,115,0,127,255,192,192,255,127,0,63,127,204,204,204,204,0,192,255,213,245,215,221,247,213,253,215,213,255,192,0
132,220,196,192,212,220,212,192,220,196,156,0,4,152,196,192,192,192,192,192,192,192,192,192,192,192,192,192,192,192,192,192,192,192,192,192,192,128,0,192,192,128,0,0,0,0,0,0,128,192,192,64,192,192,192,192,192,192,192,192,192,192,192,192,255,255,255,113,113,241,241,251,255,255,63,0,0,255,255,255,3,1,1,1,1,3,255,255,255,1,255,255,255,1,1,97,97,113,113,243,243,243,112,255,255,255,0,0,0,0,0,0,255,255,255,0,255,255,255,113,113,113,113,113,97,1,1,0,223,223,223,192,192,193,195,199,207,223,223,222,220,223,223,223,222,220,220,220,220,222,223,223,207,192,207,223,223,220,220,220,220,220,222,223,223,207,192,207,223,223,222,220,220,220,220,222,223,223,207,192,207,223,223,220,220,220,220,220,220,252,252,248,1,1,1,1,1,1,1,1,1,1,1,1,1,1,1,1,1,1,1,1,1,1,1,1,1,29,29,25,1,5,25,5,1,1,1,29,9,21,1,21,29,5,1,1,1,17,29,5,1,29,21,21,1,29,21,29,1,5,29,5,1,5,29,5